0.1 20 4 93.86950810100714 159.59898414701382 89.77281444051236 
0.1 60 4 85.02030162412993 153.83313368830045 103.04565547771304 
0.1 100 4 76.06133749822519 146.89837936977884 106.40890044980665 
0.1 20 8 67.70998415213946 228.35374368486416 140.09880214214087 
0.1 60 8 43.27212935050699 204.47397656438403 136.00239548855328 
0.1 100 8 42.905879991972704 183.50122134613312 133.63748202996516 
0.1 20 12 46.712117879920825 210.21778147600153 179.77970413366165 
0.1 60 12 38.322211630123924 197.68313606941385 183.12568606825423 
0.1 100 12 38.77098071854626 180.99982728918226 147.55628846515845 
0.1 20 16 27.83661119515885 248.44917312072272 186.82063386657407 
0.1 60 16 20.743668569755528 146.0520872376648 130.42232239692257 
0.1 100 16 14.867064568638092 168.21768611683262 118.20038304543198 
0.1 20 20 11.345555171221031 105.0602761564073 118.75150681325432 
0.1 60 20 11.294192929131338 82.0189112370418 82.66961795916157 
0.1 100 20 18.50201265094882 101.78337486783612 47.021484406677914 
0.2 20 4 72.65287565355763 152.9855942600388 91.11521673017202 
0.2 60 4 71.08870967741936 112.03550054833231 51.851852328201744 
0.2 100 4 6.391545042778057 101.01314980808695 5.457530389640015 
0.2 20 8 54.567901234567906 234.40659158554314 126.17758983339199 
0.2 60 8 41.39584443260522 183.8743506995709 116.36723407656585 
0.2 100 8 38.65030674846626 113.21443665882892 46.707224832230146 
0.2 20 12 57.012924844423175 265.42006679250903 160.1540627673532 
0.2 60 12 50.931677018633536 368.81767305338366 195.12092283538266 
0.2 100 12 29.615133724722764 105.67695579591813 59.106448908621324 
0.2 20 16 28.8858939802336 248.9802997111722 155.89970058211256 
0.2 60 16 29.07995618838992 271.0629852296454 144.6512608907865 
0.2 100 16 12.107279693486591 100.5386309165394 8.373306603288905 
0.2 20 20 7.415832575068245 109.96699485627894 93.55307337393604 
0.2 60 20 11.745406824146981 82.6011699361652 46.28776645869855 
0.2 100 20 0 0 0 
0.30000000000000004 20 4 70.97124253933804 161.06336773481357 64.14703825321398 
0.30000000000000004 60 4 0 0 0 
0.30000000000000004 100 4 0 0 0 
0.30000000000000004 20 8 45.79646017699115 227.34369639812599 155.11404902079224 
0.30000000000000004 60 8 0 0 0 
0.30000000000000004 100 8 0 0 0 
0.30000000000000004 20 12 45.07138001359619 283.63471907558807 178.1985830760756 
0.30000000000000004 60 12 0 0 0 
0.30000000000000004 100 12 0 0 0 
0.30000000000000004 20 16 29.75641869651086 288.86688153011227 153.84837547138147 
0.30000000000000004 60 16 0 0 0 
0.30000000000000004 100 16 0 0 0 
0.30000000000000004 20 20 9.811046511627906 101.05104671317213 114.43717437142169 
0.30000000000000004 60 20 0 0 0 
0.30000000000000004 100 20 0 0 0 
0.4 20 4 0 0 0 
0.4 60 4 0 0 0 
0.4 100 4 0 0 0 
0.4 20 8 0 0 0 
0.4 60 8 0 0 0 
0.4 100 8 0 0 0 
0.4 20 12 7.894736842105263 80.55414973390283 159.66803350532697 
0.4 60 12 0 0 0 
0.4 100 12 0 0 0 
0.4 20 16 13.409961685823754 55.59574046375955 94.92974656106789 
0.4 60 16 0 0 0 
0.4 100 16 0 0 0 
0.4 20 20 12.676056338028168 24.356146283392274 6.059541930782578 
0.4 60 20 0 0 0 
0.4 100 20 0 0 0 
0.5 20 4 0 0 0 
0.5 60 4 0 0 0 
0.5 100 4 0 0 0 