0.1 2 2 18.511012025401975 151.8830344882439 115.44183924889494 
0.1 2 4 41.13796576032225 236.08719004024576 204.1067207930573 
0.1 2 6 52.74611398963731 229.19375978588772 198.72110312445525 
0.1 2 8 60.33653846153846 229.30348313471546 197.3428804088357 
0.1 6 2 21.734191594093147 116.89263948280079 95.62400620499756 
0.1 6 4 32.09035017375033 207.2870154788222 186.84314330898368 
0.1 6 6 37.041020125979415 204.47717203479587 184.15514383723502 
0.1 6 8 44.5537205418445 202.41434011758562 182.33153902844623 
0.1 10 2 27.353530295443164 127.76424646492084 77.54725029323174 
0.1 10 4 36.258808456117876 199.83824397496625 168.97940476047054 
0.1 10 6 39.52210931062895 197.6860400353356 166.51558071737657 
0.1 10 8 48.533378287255566 196.46425417470226 165.53420065558902 
0.2 2 2 7.523182769967095 126.79573788793336 54.498477410512294 
0.2 2 4 33.5814230425722 277.1610249378573 151.80303406738102 
0.2 2 6 55.8624031007752 270.2293768909007 151.52789777253344 
0.2 2 8 61.71100678142931 263.16284908970937 150.62862984481228 
0.2 6 2 2.8575552027709628 83.32027630730227 49.12806639549156 
0.2 6 4 31.277184657967577 378.3206321056805 187.18459330529163 
0.2 6 6 42.69899841855561 369.62632358055856 186.45709761372618 
0.2 6 8 47.01102727800348 365.546050894072 185.76074941641428 
0.2 10 2 6.186186186186187 96.8892858536226 8.130607660479749 
0.2 10 4 20.096385542168672 102.7726121730904 52.17821123986407 
0.2 10 6 27.38643844634628 103.14346014857595 52.427765551896755 
0.2 10 8 31.77710843373494 102.89712752071736 52.16717325026258 
0.3 2 2 17.142857142857142 108.58777533156578 73.10194048805377 
0.3 2 4 42.79228149829739 344.63476212784747 216.19175236259943 
0.3 2 6 50.48418334409296 334.42834629885346 214.70561447298783 
0.3 2 8 55.257586450247 330.1247963849269 214.7092799249967 
0.3 6 2 0 0 0 
0.3 6 4 0 0 0 
0.3 6 6 0 0 0 
0.3 6 8 0 0 0 
0.3 10 2 0 0 0 
0.3 10 4 0 0 0 
0.3 10 6 0 0 0 
0.3 10 8 0 0 0 
0.4 2 2 2.462380300957592 25.92498716532701 9.407212248843 
0.4 2 4 5.120481927710843 47.479165732754566 58.93435932496386 
0.4 2 6 9.090909090909092 70.57247521011212 118.32592383907613 
0.4 2 8 13.934426229508196 70.12714462929075 117.90149672450883 
